0
48
1
48
49
1
2
50
3
50
51
3
4
52
5
52
53
5
6
54
7
54
55
7
8
56
9
56
57
9
10
58
11
58
59
11
12
60
13
60
61
13
14
62
15
62
63
15
16
64
17
64
65
17
18
66
19
66
67
19
20
68
21
68
69
21
22
70
23
70
71
23
24
72
25
72
73
25
26
74
27
74
75
27
28
76
29
76
77
29
30
78
31
78
79
31
32
80
33
80
81
33
34
82
35
82
83
35
36
84
37
84
85
37
38
86
39
86
87
39
40
88
41
88
89
41
42
90
43
90
91
43
44
92
45
92
93
45
46
94
47
94
95
47
109
108
110
110
108
107
100
99
98
102
101
100
97
100
98
107
104
110
102
104
103
106
105
107
107
105
104
111
102
114
113
111
114
100
114
102
111
110
102
102
110
104
113
112
111
115
118
117
114
97
115
114
100
97
117
116
115
119
118
96
115
97
118
118
97
96
135
133
134
132
133
135
123
124
125
125
126
127
123
125
122
135
129
132
128
129
127
132
130
131
129
130
132
139
127
136
139
136
138
127
139
125
127
135
136
129
135
127
136
137
138
142
143
140
140
122
139
122
125
139
140
141
142
121
143
144
143
122
140
121
122
143
