0
42
1
42
43
1
2
44
3
44
45
3
4
46
5
46
47
5
6
48
7
48
49
7
8
50
9
50
51
9
10
52
11
52
53
11
12
54
13
54
55
13
14
56
15
56
57
15
16
58
17
58
59
17
18
60
19
60
61
19
20
62
21
62
63
21
22
64
23
64
65
23
24
66
25
66
67
25
26
68
27
68
69
27
28
70
29
70
71
29
30
72
31
72
73
31
32
74
33
74
75
33
34
76
35
76
77
35
36
78
37
78
79
37
38
80
39
80
81
39
40
82
41
82
83
41
86
85
84
88
104
96
86
104
87
92
91
90
89
88
93
89
92
90
89
93
92
93
95
94
96
102
99
88
95
93
96
95
88
98
97
96
102
101
100
99
98
96
100
99
102
88
87
104
104
102
96
102
104
103
84
104
86
106
107
108
118
126
110
109
126
108
112
113
114
115
110
111
112
114
111
114
115
111
116
117
115
121
124
118
115
117
110
110
117
118
118
119
120
122
123
124
118
120
121
124
121
122
126
109
110
118
124
126
125
126
124
108
126
106
