0
156
1
156
157
1
2
158
3
158
159
3
4
160
5
160
161
5
6
162
7
162
163
7
8
164
9
164
165
9
10
166
11
166
167
11
12
168
13
168
169
13
14
170
15
170
171
15
16
172
17
172
173
17
18
174
19
174
175
19
20
176
21
176
177
21
22
178
23
178
179
23
24
180
25
180
181
25
26
182
27
182
183
27
28
184
29
184
185
29
30
186
31
186
187
31
32
188
33
188
189
33
34
190
35
190
191
35
36
192
37
192
193
37
38
194
39
194
195
39
40
196
41
196
197
41
42
198
43
198
199
43
44
200
45
200
201
45
46
202
47
202
203
47
48
204
49
204
205
49
50
206
51
206
207
51
52
208
53
208
209
53
54
210
55
210
211
55
56
212
57
212
213
57
58
214
59
214
215
59
60
216
61
216
217
61
62
218
63
218
219
63
64
220
65
220
221
65
66
222
67
222
223
67
68
224
69
224
225
69
70
226
71
226
227
71
72
228
73
228
229
73
74
230
75
230
231
75
76
232
77
232
233
77
78
234
79
234
235
79
80
236
81
236
237
81
82
238
83
238
239
83
84
240
85
240
241
85
86
242
87
242
243
87
88
244
89
244
245
89
90
246
91
246
247
91
92
248
93
248
249
93
94
250
95
250
251
95
96
252
97
252
253
97
98
254
99
254
255
99
100
256
101
256
257
101
102
258
103
258
259
103
104
260
105
260
261
105
106
262
107
262
263
107
108
264
109
264
265
109
110
266
111
266
267
111
112
268
113
268
269
113
114
270
115
270
271
115
116
272
117
272
273
117
118
274
119
274
275
119
120
276
121
276
277
121
122
278
123
278
279
123
124
280
125
280
281
125
126
282
127
282
283
127
128
284
129
284
285
129
130
286
131
286
287
131
132
288
133
288
289
133
134
290
135
290
291
135
136
292
137
292
293
137
138
294
139
294
295
139
140
296
141
296
297
141
142
298
143
298
299
143
144
300
145
300
301
145
146
302
147
302
303
147
148
304
149
304
305
149
150
306
151
306
307
151
152
308
153
308
309
153
154
310
155
310
311
155
314
345
346
320
316
319
312
313
347
325
314
323
316
317
319
318
319
317
316
320
315
315
322
314
322
323
314
322
320
321
320
322
315
313
314
346
324
325
323
337
335
336
327
329
326
325
345
314
329
327
328
325
326
340
326
329
340
333
331
332
333
330
331
329
330
339
333
339
330
334
339
333
337
334
335
338
339
337
337
339
334
339
340
329
341
325
340
341
345
325
345
341
342
342
343
345
343
344
345
348
349
350
347
389
312
313
346
347
347
348
350
353
354
351
377
379
355
350
389
347
353
351
352
356
357
358
377
370
376
373
376
370
356
358
355
379
354
355
360
355
358
359
360
358
366
361
364
366
360
361
361
362
364
362
363
364
366
364
365
369
370
366
369
366
367
368
369
367
370
360
366
377
355
360
370
371
372
370
372
373
375
373
374
378
379
377
375
376
373
370
377
360
351
354
379
383
381
382
350
351
388
381
379
380
383
385
381
388
379
381
384
385
383
388
385
387
386
387
385
385
388
381
379
388
351
388
389
350
425
424
393
398
395
399
426
392
391
402
393
404
398
396
395
396
398
397
394
399
395
393
401
394
393
402
401
400
399
401
394
401
399
425
393
392
402
404
403
415
414
416
405
408
406
393
424
404
407
406
408
419
405
404
419
408
405
411
410
412
410
409
412
418
409
408
409
418
412
412
418
413
414
413
416
416
418
417
413
418
416
408
419
418
419
404
420
404
424
420
421
420
424
424
422
421
424
423
422
429
428
427
391
468
426
426
425
392
429
427
426
430
433
432
434
458
456
426
468
429
431
430
432
437
436
435
455
449
456
449
455
452
434
437
435
434
433
458
437
434
439
437
439
438
443
440
445
440
439
445
443
441
440
443
442
441
444
443
445
445
449
448
446
445
448
446
448
447
445
439
449
439
434
456
451
450
449
452
451
449
453
452
454
456
458
457
452
455
454
439
456
449
458
433
430
461
460
462
467
430
429
459
458
460
460
464
462
460
458
467
462
464
463
466
464
467
464
466
465
460
467
464
430
467
458
429
468
467
