0
54
1
54
55
1
2
56
3
56
57
3
4
58
5
58
59
5
6
60
7
60
61
7
8
62
9
62
63
9
10
64
11
64
65
11
12
66
13
66
67
13
14
68
15
68
69
15
16
70
17
70
71
17
18
72
19
72
73
19
20
74
21
74
75
21
22
76
23
76
77
23
24
78
25
78
79
25
26
80
27
80
81
27
28
82
29
82
83
29
30
84
31
84
85
31
32
86
33
86
87
33
34
88
35
88
89
35
36
90
37
90
91
37
38
92
39
92
93
39
40
94
41
94
95
41
42
96
43
96
97
43
44
98
45
98
99
45
46
100
47
100
101
47
48
102
49
102
103
49
50
104
51
104
105
51
52
106
53
106
107
53
124
125
123
128
130
131
125
126
119
111
133
110
111
112
128
128
112
113
114
128
113
115
126
114
117
118
119
117
119
116
131
132
133
119
120
125
120
121
122
122
123
120
123
125
120
119
126
116
115
116
126
114
126
128
127
128
126
131
111
128
130
128
129
110
133
109
109
133
134
111
131
133
108
109
134
151
153
152
159
158
156
147
154
153
138
161
139
156
140
139
141
140
156
141
156
142
142
154
143
147
146
145
144
147
145
161
160
159
153
148
147
150
149
148
148
151
150
148
153
151
144
154
147
154
144
143
156
154
142
154
156
155
156
139
159
157
156
158
137
161
138
162
161
137
161
159
139
162
137
136
