0
50
1
50
51
1
2
52
3
52
53
3
4
54
5
54
55
5
6
56
7
56
57
7
8
58
9
58
59
9
10
60
11
60
61
11
12
62
13
62
63
13
14
64
15
64
65
15
16
66
17
66
67
17
18
68
19
68
69
19
20
70
21
70
71
21
22
72
23
72
73
23
24
74
25
74
75
25
26
76
27
76
77
27
28
78
29
78
79
29
30
80
31
80
81
31
32
82
33
82
83
33
34
84
35
84
85
35
36
86
37
86
87
37
38
88
39
88
89
39
40
90
41
90
91
41
42
92
43
92
93
43
44
94
45
94
95
45
46
96
47
96
97
47
48
98
49
98
99
49
102
124
100
124
102
106
101
102
100
104
102
103
104
106
102
105
106
104
109
106
107
108
109
107
124
122
123
114
115
116
113
111
112
114
116
113
111
113
119
122
124
119
119
113
116
119
116
117
117
118
119
106
109
124
120
122
119
121
122
120
124
111
119
124
110
111
110
124
109
126
150
128
132
128
150
126
128
127
129
128
130
128
132
130
130
132
131
133
132
135
133
135
134
149
148
150
142
141
140
138
137
139
139
142
140
145
139
137
145
150
148
142
139
145
143
142
145
145
144
143
150
135
132
145
148
146
146
148
147
145
137
150
137
136
150
135
150
136
