8.43429993E+002	1.00000000E+001	7.59799988E+002
8.41210022E+002	1.00000000E+001	8.23770020E+002
8.41210022E+002	1.00000000E+001	8.23770020E+002
8.72229980E+002	1.00000000E+001	8.24859985E+002
8.88330017E+002	1.00000000E+001	7.61369995E+002
8.43429993E+002	1.00000000E+001	7.59799988E+002
8.72229980E+002	1.00000000E+001	8.24859985E+002
8.71760010E+002	1.00000000E+001	8.38429993E+002
8.71760010E+002	1.00000000E+001	8.38429993E+002
8.85630005E+002	1.00000000E+001	8.38929993E+002
8.85630005E+002	1.00000000E+001	8.38929993E+002
8.88330017E+002	1.00000000E+001	7.61369995E+002
8.43429993E+002	0.00000000E+000	7.59799988E+002
8.41210022E+002	0.00000000E+000	8.23770020E+002
8.41210022E+002	0.00000000E+000	8.23770020E+002
8.72229980E+002	0.00000000E+000	8.24859985E+002
8.88330017E+002	0.00000000E+000	7.61369995E+002
8.43429993E+002	0.00000000E+000	7.59799988E+002
8.72229980E+002	0.00000000E+000	8.24859985E+002
8.71760010E+002	0.00000000E+000	8.38429993E+002
8.71760010E+002	0.00000000E+000	8.38429993E+002
8.85630005E+002	0.00000000E+000	8.38929993E+002
8.85630005E+002	0.00000000E+000	8.38929993E+002
8.88330017E+002	0.00000000E+000	7.61369995E+002
8.88330017E+002	1.00000000E+001	7.61369995E+002
8.43429993E+002	1.00000000E+001	7.59799988E+002
8.41210022E+002	1.00000000E+001	8.23770020E+002
8.72229980E+002	1.00000000E+001	8.24859985E+002
8.71760010E+002	1.00000000E+001	8.38429993E+002
8.85630005E+002	1.00000000E+001	8.38929993E+002
8.88330017E+002	1.00000000E+001	7.61369995E+002
8.88330017E+002	0.00000000E+000	7.61369995E+002
8.43429993E+002	0.00000000E+000	7.59799988E+002
8.41210022E+002	0.00000000E+000	8.23770020E+002
8.72229980E+002	0.00000000E+000	8.24859985E+002
8.71760010E+002	0.00000000E+000	8.38429993E+002
8.85630005E+002	0.00000000E+000	8.38929993E+002
8.88330017E+002	0.00000000E+000	7.61369995E+002
