0
40
1
40
41
1
2
42
3
42
43
3
4
44
5
44
45
5
6
46
7
46
47
7
8
48
9
48
49
9
10
50
11
50
51
11
12
52
13
52
53
13
14
54
15
54
55
15
16
56
17
56
57
17
18
58
19
58
59
19
20
60
21
60
61
21
22
62
23
62
63
23
24
64
25
64
65
25
26
66
27
66
67
27
28
68
29
68
69
29
30
70
31
70
71
31
32
72
33
72
73
33
34
74
35
74
75
35
36
76
37
76
77
37
38
78
39
78
79
39
82
85
97
81
82
80
97
80
82
85
82
83
84
85
83
96
97
95
86
87
95
88
95
87
89
91
88
91
89
90
88
91
95
95
91
92
92
93
95
93
94
95
97
85
86
86
95
97
99
97
98
99
80
97
118
106
103
101
103
102
103
101
118
104
103
106
104
106
105
116
118
117
116
108
107
108
116
109
109
112
110
111
110
112
116
112
109
113
112
116
116
114
113
116
115
114
107
106
118
118
116
107
119
118
120
118
101
120
