0
40
1
40
41
1
2
42
3
42
43
3
4
44
5
44
45
5
6
46
7
46
47
7
8
48
9
48
49
9
10
50
11
50
51
11
12
52
13
52
53
13
14
54
15
54
55
15
16
56
17
56
57
17
18
58
19
58
59
19
20
60
21
60
61
21
22
62
23
62
63
23
24
64
25
64
65
25
26
66
27
66
67
27
28
68
29
68
69
29
30
70
31
70
71
31
32
72
33
72
73
33
34
74
35
74
75
35
36
76
37
76
77
37
38
78
39
78
79
39
88
81
98
97
88
98
87
85
88
83
88
85
83
82
81
85
84
83
87
86
85
97
89
88
81
88
83
92
91
90
95
93
97
92
97
93
89
92
90
95
94
93
95
97
96
81
80
99
97
92
89
81
99
98
119
102
109
119
109
118
109
106
108
106
109
104
102
103
104
104
105
106
106
107
108
109
110
118
104
109
102
111
112
113
118
114
116
114
118
113
111
113
110
114
115
116
117
118
116
120
101
102
110
113
118
119
120
102
