0
38
1
38
39
1
2
40
3
40
41
3
4
42
5
42
43
5
6
44
7
44
45
7
8
46
9
46
47
9
10
48
11
48
49
11
12
50
13
50
51
13
14
52
15
52
53
15
16
54
17
54
55
17
18
56
19
56
57
19
20
58
21
58
59
21
22
60
23
60
61
23
24
62
25
62
63
25
26
64
27
64
65
27
28
66
29
66
67
29
30
68
31
68
69
31
32
70
33
70
71
33
34
72
35
72
73
35
36
74
37
74
75
37
77
78
76
90
76
78
78
79
80
80
90
78
81
87
80
81
82
84
82
83
84
87
81
84
85
87
84
86
87
85
88
80
87
88
90
80
90
88
89
90
91
76
92
76
91
92
93
76
93
94
76
96
98
97
98
96
110
100
99
98
98
110
100
100
107
101
104
102
101
104
103
102
104
101
107
104
107
105
105
107
106
107
100
108
100
110
108
109
108
110
96
111
110
111
96
112
96
113
112
96
114
113
