0
34
1
34
35
1
2
36
3
36
37
3
4
38
5
38
39
5
6
40
7
40
41
7
8
42
9
42
43
9
10
44
11
44
45
11
12
46
13
46
47
13
14
48
15
48
49
15
16
50
17
50
51
17
18
52
19
52
53
19
20
54
21
54
55
21
22
56
23
56
57
23
24
58
25
58
59
25
26
60
27
60
61
27
28
62
29
62
63
29
30
64
31
64
65
31
32
66
33
66
67
33
70
68
69
70
71
68
68
71
77
72
75
71
73
75
72
75
73
74
71
75
77
75
76
77
68
77
83
79
77
78
81
77
79
80
81
79
77
81
83
81
82
83
83
84
68
87
86
88
86
89
88
95
89
86
89
93
90
90
93
91
92
91
93
95
93
89
95
94
93
101
95
86
96
95
97
97
95
99
97
99
98
101
99
95
101
100
99
86
102
101
