0
36
1
36
37
1
2
38
3
38
39
3
4
40
5
40
41
5
6
42
7
42
43
7
8
44
9
44
45
9
10
46
11
46
47
11
12
48
13
48
49
13
14
50
15
50
51
15
16
52
17
52
53
17
18
54
19
54
55
19
20
56
21
56
57
21
22
58
23
58
59
23
24
60
25
60
61
25
26
62
27
62
63
27
28
64
29
64
65
29
30
66
31
66
67
31
32
68
33
68
69
33
34
70
35
70
71
35
75
74
73
86
83
81
76
75
73
79
77
76
78
77
79
79
81
80
81
79
76
73
81
76
83
85
84
81
83
82
89
86
81
86
85
83
88
87
89
81
73
89
89
87
86
72
89
73
92
93
94
100
102
105
92
94
95
95
96
98
98
96
97
99
100
98
95
98
100
95
100
92
103
104
102
101
102
100
100
105
108
102
104
105
108
106
107
108
92
100
105
106
108
92
108
91
