0
36
1
36
37
1
2
38
3
38
39
3
4
40
5
40
41
5
6
42
7
42
43
7
8
44
9
44
45
9
10
46
11
46
47
11
12
48
13
48
49
13
14
50
15
50
51
15
16
52
17
52
53
17
18
54
19
54
55
19
20
56
21
56
57
21
22
58
23
58
59
23
24
60
25
60
61
25
26
62
27
62
63
27
28
64
29
64
65
29
30
66
31
66
67
31
32
68
33
68
69
33
34
70
35
70
71
35
89
75
74
84
81
79
73
89
74
76
75
78
76
78
77
79
89
84
78
75
79
79
81
80
83
82
84
82
81
84
84
89
86
84
86
85
89
79
75
86
89
87
73
72
89
89
88
87
93
94
108
98
100
103
93
108
92
97
94
95
96
97
95
103
108
98
98
94
97
99
100
98
103
101
102
103
100
101
105
108
103
104
105
103
94
98
108
106
108
105
108
91
92
106
107
108
