0
32
1
32
33
1
2
34
3
34
35
3
4
36
5
36
37
5
6
38
7
38
39
7
8
40
9
40
41
9
10
42
11
42
43
11
12
44
13
44
45
13
14
46
15
46
47
15
16
48
17
48
49
17
18
50
19
50
51
19
20
52
21
52
53
21
22
54
23
54
55
23
24
56
25
56
57
25
26
58
27
58
59
27
28
60
29
60
61
29
30
62
31
62
63
31
72
71
64
64
79
73
68
67
65
67
66
65
64
68
65
70
68
71
70
69
68
71
68
64
77
76
79
73
72
64
76
75
73
75
74
73
76
73
79
77
79
78
81
88
89
90
96
81
82
84
85
82
83
84
82
85
81
88
85
87
85
86
87
81
85
88
96
93
94
81
89
90
90
92
93
90
91
92
96
90
93
95
96
94
