0
36
1
36
37
1
2
38
3
38
39
3
4
40
5
40
41
5
6
42
7
42
43
7
8
44
9
44
45
9
10
46
11
46
47
11
12
48
13
48
49
13
14
50
15
50
51
15
16
52
17
52
53
17
18
54
19
54
55
19
20
56
21
56
57
21
22
58
23
58
59
23
24
60
25
60
61
25
26
62
27
62
63
27
28
64
29
64
65
29
30
66
31
66
67
31
32
68
33
68
69
33
34
70
35
70
71
35
72
73
89
73
74
75
75
86
73
75
76
77
77
83
75
78
79
77
77
79
83
79
80
81
79
81
83
83
81
82
84
75
83
85
75
84
85
86
75
73
86
89
89
86
87
88
89
87
108
92
91
94
93
92
92
105
94
96
95
94
94
102
96
96
98
97
102
98
96
100
99
98
102
100
98
101
100
102
102
94
103
103
94
104
94
105
104
108
105
92
106
105
108
106
108
107
